$ 1 0.000005 10.20027730826997 50 5 50 5e-11
a 704 528 832 528 8 15 -15 1000000 0.00004918182660566755 0 100000
r 640 512 576 512 0 100000
r 640 464 576 464 0 100000
w 640 512 704 512 0
w 640 464 640 512 0
g 704 544 704 576 0 0
r 704 448 832 448 0 100000
w 832 448 832 528 0
w 704 448 704 512 0
368 896 528 944 528 0 0
403 1104 576 1232 640 0 9_64_0_4354_0.3125_0.1_-1_2_9_3
174 464 560 496 640 1 10000 0.9851000000000001 CV offset
174 368 352 416 432 1 100000 0.005 Attenuation
R 464 656 464 704 0 0 40 5 0 0 0.5
g 416 560 416 592 0 0
w 416 560 464 560 0
w 496 608 496 512 0
w 576 400 576 464 0
g 368 448 368 480 0 0
R 288 304 240 304 0 1 40 5 5 0 0.5
S 368 352 304 352 0 1 false 0 2
w 288 304 304 336 0
R 288 368 240 368 0 1 40 2.5 2.5 0 0.5
w 288 368 304 368 0
403 224 176 352 240 0 19_64_0_4354_10_0.1_-1_2_19_3
403 208 448 336 512 0 22_64_0_4354_5_0.1_-1_2_22_3
w 496 512 576 512 0
s 448 400 528 400 0 1 false
w 528 400 576 400 0
w 448 400 416 400 0
w 432 992 400 992 0
w 512 992 560 992 0
s 432 992 512 992 0 0 false
w 480 1104 560 1104 0
w 272 960 288 960 0
R 272 960 224 960 0 1 40 2.5 2.5 0 0.5
w 272 896 288 928 0
S 352 944 288 944 0 0 false 0 2
R 272 896 224 896 0 1 40 5 5 0 0.5
g 352 1040 352 1072 0 0
w 560 992 560 1056 0
w 480 1200 480 1104 0
w 400 1152 448 1152 0
g 400 1152 400 1184 0 0
R 448 1248 448 1296 0 0 40 5 0 0 0.5
174 352 944 400 1024 1 100000 0.005 Attenuation
174 448 1152 480 1232 1 10000 0.9950000000000001 CV offset
368 1200 1136 1248 1136 0 0
w 688 1040 688 1104 0
w 816 1040 816 1120 0
r 688 1040 816 1040 0 100000
g 688 1136 688 1168 0 0
w 624 1056 624 1104 0
w 624 1104 688 1104 0
r 624 1056 560 1056 0 100000
r 624 1104 560 1104 0 100000
a 688 1120 816 1120 8 15 -15 1000000 0.00007593589032847902 0 100000
a 912 1136 1072 1136 8 15 -15 1000000 -0.00007593437164104619 0 100000
g 912 1152 912 1200 0 0
r 816 1120 912 1120 0 1000
r 912 1072 1072 1072 0 1000
w 1072 1136 1088 1136 0
w 912 1072 912 1120 0
w 1072 1072 1072 1136 0
403 1296 1008 1424 1072 0 47_64_0_4354_10_0.1_-1_2_47_3
r 1088 1136 1200 1136 0 10000
r 832 528 896 528 0 10000
r 896 528 896 576 0 470
g 896 576 896 624 0 0
d 1200 1136 1200 1040 2 1N5711
R 1200 1040 1200 992 0 0 40 5 0 0 0.5
